1.9123547077178955
1.7122180461883545
1.9333984851837158
1.726252555847168
1.8403115272521973
2.0664966106414795
1.7772834300994873
1.7452638149261475
1.9444069862365723
1.6601793766021729
1.8923625946044922
1.8313088417053223
1.758275032043457
1.6411688327789307
2.0544846057891846
1.9043571949005127
1.801307201385498
2.119532585144043
1.8463146686553955
1.8583405017852783
10.131207942962646
1.7082147598266602
1.6581799983978271
1.8703315258026123
1.7752654552459717
1.761254072189331
2.4627525806427
11.24500036239624
12.614975214004517
11.522197484970093
11.268630504608154
1.919360637664795
1.733229637145996
1.7422349452972412
1.8563153743743896
1.9653923511505127
2.249594211578369
2.2916243076324463
1.999415397644043
10.293291330337524
1.8843159675598145
1.8382847309112549
2.175520181655884
1.986387014389038
2.3886680603027344
8.92523717880249
2.588808536529541
5.920137882232666
1.9653749465942383
1.7001893520355225
1.6251370906829834
1.8322808742523193
1.8342828750610352
1.6571590900421143
13.123170375823975
12.706879615783691
12.402667045593262
10.862616777420044
2.237584352493286
1.6601765155792236
3.1202077865600586
1.9203553199768066
7.275141954421997
2.4557361602783203
6.9629199504852295
1.8142824172973633
1.980400800704956
1.6691794395446777
1.8022706508636475
1.7452294826507568
1.6751816272735596
1.7932648658752441
14.335131645202637
13.084250926971436
12.2776780128479
8.548040866851807
1.6571693420410156
1.8172833919525146
1.9363679885864258
1.85931396484375
1.7472357749938965
1.8443019390106201
2.057454824447632
2.216564178466797
2.409702777862549
2.817993640899658
2.9961154460906982
4.358080863952637
7.4263105392456055
1.7071754932403564
1.7992420196533203
1.773252010345459
1.6451616287231445
1.6431589126586914
1.829291820526123
2.6498730182647705
20.6545991897583
20.510498046875
4.16994833946228
1.6741867065429688
1.994412899017334
1.8242919445037842
1.780229091644287
1.6551740169525146
2.1185004711151123
2.568817138671875
2.475745916366577
2.21956729888916
16.87792992591858
2.2696075439453125
2.041440963745117
2.364666700363159
2.11649751663208
1.699202060699463
17.142115354537964
8.018668413162231
1.6781837940216064
1.910348892211914
1.8182837963104248
1.6281511783599854
15.189738750457764
11.964459896087646
2.4637396335601807
1.831315517425537
1.6971969604492188
1.7862598896026611
1.9573838710784912
2.8330044746398926
2.6048378944396973
1.8803300857543945
17.638471603393555
2.4797542095184326
1.8603131771087646
7.999654531478882
6.941909551620483
2.181544065475464
2.240582227706909
1.7052028179168701
1.8513062000274658
2.3296477794647217
17.456342697143555
13.42949652671814
11.222934007644653
1.988405466079712
1.933366060256958
1.8983154296875
1.7312259674072266
1.8723275661468506
2.7119133472442627
2.668888568878174
2.9010517597198486
5.4278404712677
6.13333797454834
2.0824759006500244
1.8433051109313965
2.2255735397338867
5.971218585968018
2.8480117321014404
2.0264317989349365
2.031437397003174
2.435718059539795
2.6138503551483154
1.89133882522583
8.006659746170044
6.091309309005737
2.2475905418395996
2.2395853996276855
2.3176352977752686
2.3346524238586426
1.6891942024230957
7.657412767410278
6.051274061203003
6.767785549163818
1.835325002670288
1.8783280849456787
1.6641736030578613
1.824286699295044
1.7902638912200928
1.6441597938537598
1.631150245666504
5.959209203720093
18.077781200408936
17.560416221618652
4.597248077392578
1.7922651767730713
1.7072038650512695
1.8352949619293213
1.8483035564422607
2.46474552154541
2.3026225566864014
1.9343717098236084
7.021965980529785
8.370916604995728
2.7349326610565186
1.7162094116210938
5.796732187271118
8.424954652786255
1.6931958198547363
2.0284316539764404
1.998410701751709
